(kicad_pcb (version 20171130) (host pcbnew "(5.0.0)")

  (general
    (thickness 1.6)
    (drawings 4)
    (tracks 0)
    (zones 0)
    (modules 82)
    (nets 110)
  )

  (page A4)
  (layers
    (0 F.Cu signal)
    (31 B.Cu signal)
    (32 B.Adhes user)
    (33 F.Adhes user)
    (34 B.Paste user)
    (35 F.Paste user)
    (36 B.SilkS user)
    (37 F.SilkS user)
    (38 B.Mask user)
    (39 F.Mask user)
    (40 Dwgs.User user)
    (41 Cmts.User user)
    (42 Eco1.User user)
    (43 Eco2.User user)
    (44 Edge.Cuts user)
    (45 Margin user)
    (46 B.CrtYd user)
    (47 F.CrtYd user)
    (48 B.Fab user)
    (49 F.Fab user)
  )

  (setup
    (last_trace_width 0.25)
    (trace_clearance 0.2)
    (zone_clearance 0.508)
    (zone_45_only no)
    (trace_min 0.2)
    (segment_width 0.2)
    (edge_width 0.15)
    (via_size 0.8)
    (via_drill 0.4)
    (via_min_size 0.4)
    (via_min_drill 0.3)
    (uvia_size 0.3)
    (uvia_drill 0.1)
    (uvias_allowed no)
    (uvia_min_size 0.2)
    (uvia_min_drill 0.1)
    (pcb_text_width 0.3)
    (pcb_text_size 1.5 1.5)
    (mod_edge_width 0.15)
    (mod_text_size 1 1)
    (mod_text_width 0.15)
    (pad_size 1.524 1.524)
    (pad_drill 0.762)
    (pad_to_mask_clearance 0.2)
    (aux_axis_origin 0 0)
    (visible_elements FFFFF77F)
    (pcbplotparams
      (layerselection 0x010fc_ffffffff)
      (usegerberextensions false)
      (usegerberattributes false)
      (usegerberadvancedattributes false)
      (creategerberjobfile false)
      (excludeedgelayer true)
      (linewidth 0.100000)
      (plotframeref false)
      (viasonmask false)
      (mode 1)
      (useauxorigin false)
      (hpglpennumber 1)
      (hpglpenspeed 20)
      (hpglpendiameter 15.000000)
      (psnegative false)
      (psa4output false)
      (plotreference true)
      (plotvalue true)
      (plotinvisibletext false)
      (padsonsilk false)
      (subtractmaskfromsilk false)
      (outputformat 1)
      (mirror false)
      (drillshape 1)
      (scaleselection 1)
      (outputdirectory ""))
  )

  (net 0 "")
  (net 1 -BATT)
  (net 2 +BATT)
  (net 3 GND)
  (net 4 BATT_SNS)
  (net 5 +4V)
  (net 6 "Net-(C3-Pad1)")
  (net 7 "Net-(C4-Pad1)")
  (net 8 VDD)
  (net 9 "Net-(C13-Pad2)")
  (net 10 "Net-(C14-Pad1)")
  (net 11 "Net-(C15-Pad1)")
  (net 12 "Net-(C16-Pad2)")
  (net 13 "Net-(C17-Pad1)")
  (net 14 "Net-(C17-Pad2)")
  (net 15 "Net-(C18-Pad2)")
  (net 16 "Net-(C18-Pad1)")
  (net 17 "Net-(C19-Pad2)")
  (net 18 SPK_RN)
  (net 19 "Net-(C20-Pad1)")
  (net 20 "Net-(C21-Pad1)")
  (net 21 SPK_RP)
  (net 22 1V8)
  (net 23 "Net-(D1-Pad1)")
  (net 24 "Net-(D2-Pad1)")
  (net 25 "Net-(D3-Pad1)")
  (net 26 "Net-(D4-Pad1)")
  (net 27 "Net-(D5-Pad2)")
  (net 28 "Net-(Q1-Pad1)")
  (net 29 "Net-(Q2-Pad1)")
  (net 30 "Net-(Q2-Pad2)")
  (net 31 "Net-(Q3-Pad1)")
  (net 32 "Net-(Q3-Pad2)")
  (net 33 "Net-(Q4-Pad2)")
  (net 34 "Net-(Q4-Pad1)")
  (net 35 DS18_DQ)
  (net 36 "Net-(R6-Pad2)")
  (net 37 AVR_RST)
  (net 38 SDA)
  (net 39 SCL)
  (net 40 "Net-(R10-Pad1)")
  (net 41 "Net-(R11-Pad1)")
  (net 42 "Net-(R12-Pad2)")
  (net 43 LED_R)
  (net 44 LED_G)
  (net 45 LED_B)
  (net 46 "Net-(R19-Pad2)")
  (net 47 "Net-(R21-Pad2)")
  (net 48 "Net-(R23-Pad2)")
  (net 49 "Net-(R25-Pad2)")
  (net 50 AMP_SHDN)
  (net 51 "Net-(RN1-Pad8)")
  (net 52 "Net-(RN1-Pad7)")
  (net 53 "Net-(RN1-Pad6)")
  (net 54 "Net-(RN1-Pad5)")
  (net 55 "Net-(RN1-Pad4)")
  (net 56 "Net-(RN1-Pad3)")
  (net 57 "Net-(RN1-Pad2)")
  (net 58 "Net-(RN1-Pad1)")
  (net 59 "Net-(RN2-Pad1)")
  (net 60 "Net-(RN2-Pad2)")
  (net 61 "Net-(RN2-Pad3)")
  (net 62 "Net-(RN2-Pad4)")
  (net 63 "Net-(RN2-Pad5)")
  (net 64 "Net-(RN2-Pad6)")
  (net 65 "Net-(RN2-Pad7)")
  (net 66 "Net-(RN2-Pad8)")
  (net 67 "Net-(RN3-Pad8)")
  (net 68 "Net-(RN3-Pad7)")
  (net 69 "Net-(RN3-Pad6)")
  (net 70 "Net-(RN3-Pad5)")
  (net 71 "Net-(RN3-Pad4)")
  (net 72 "Net-(RN3-Pad3)")
  (net 73 "Net-(RN3-Pad2)")
  (net 74 "Net-(RN3-Pad1)")
  (net 75 "Net-(RN4-Pad1)")
  (net 76 "Net-(RN4-Pad2)")
  (net 77 "Net-(RN4-Pad3)")
  (net 78 "Net-(RN4-Pad4)")
  (net 79 "Net-(RN4-Pad5)")
  (net 80 "Net-(RN4-Pad6)")
  (net 81 "Net-(RN4-Pad7)")
  (net 82 "Net-(RN4-Pad8)")
  (net 83 "Net-(RN5-Pad8)")
  (net 84 "Net-(RN5-Pad7)")
  (net 85 "Net-(RN5-Pad6)")
  (net 86 "Net-(RN5-Pad5)")
  (net 87 "Net-(RN5-Pad4)")
  (net 88 "Net-(RN5-Pad3)")
  (net 89 "Net-(RN5-Pad2)")
  (net 90 "Net-(RN5-Pad1)")
  (net 91 "Net-(RN6-Pad1)")
  (net 92 "Net-(RN6-Pad2)")
  (net 93 "Net-(RN6-Pad3)")
  (net 94 "Net-(RN6-Pad4)")
  (net 95 "Net-(RN6-Pad5)")
  (net 96 "Net-(RN6-Pad6)")
  (net 97 "Net-(RN6-Pad7)")
  (net 98 "Net-(RN6-Pad8)")
  (net 99 "Net-(RV1-Pad2)")
  (net 100 LED_DT)
  (net 101 LED_CK)
  (net 102 LED_RST)
  (net 103 VCC)
  (net 104 "Net-(U5-Pad1)")
  (net 105 "Net-(U6-Pad31)")
  (net 106 "Net-(U11-Pad21)")
  (net 107 "Net-(U11-Pad22)")
  (net 108 "Net-(U11-Pad23)")
  (net 109 "Net-(U11-Pad24)")

  (net_class Default "This is the default net class."
    (clearance 0.2)
    (trace_width 0.25)
    (via_dia 0.8)
    (via_drill 0.4)
    (uvia_dia 0.3)
    (uvia_drill 0.1)
    (add_net +4V)
    (add_net +BATT)
    (add_net -BATT)
    (add_net 1V8)
    (add_net AMP_SHDN)
    (add_net AVR_RST)
    (add_net BATT_SNS)
    (add_net DS18_DQ)
    (add_net GND)
    (add_net LED_B)
    (add_net LED_CK)
    (add_net LED_DT)
    (add_net LED_G)
    (add_net LED_R)
    (add_net LED_RST)
    (add_net "Net-(C13-Pad2)")
    (add_net "Net-(C14-Pad1)")
    (add_net "Net-(C15-Pad1)")
    (add_net "Net-(C16-Pad2)")
    (add_net "Net-(C17-Pad1)")
    (add_net "Net-(C17-Pad2)")
    (add_net "Net-(C18-Pad1)")
    (add_net "Net-(C18-Pad2)")
    (add_net "Net-(C19-Pad2)")
    (add_net "Net-(C20-Pad1)")
    (add_net "Net-(C21-Pad1)")
    (add_net "Net-(C3-Pad1)")
    (add_net "Net-(C4-Pad1)")
    (add_net "Net-(D1-Pad1)")
    (add_net "Net-(D2-Pad1)")
    (add_net "Net-(D3-Pad1)")
    (add_net "Net-(D4-Pad1)")
    (add_net "Net-(D5-Pad2)")
    (add_net "Net-(Q1-Pad1)")
    (add_net "Net-(Q2-Pad1)")
    (add_net "Net-(Q2-Pad2)")
    (add_net "Net-(Q3-Pad1)")
    (add_net "Net-(Q3-Pad2)")
    (add_net "Net-(Q4-Pad1)")
    (add_net "Net-(Q4-Pad2)")
    (add_net "Net-(R10-Pad1)")
    (add_net "Net-(R11-Pad1)")
    (add_net "Net-(R12-Pad2)")
    (add_net "Net-(R19-Pad2)")
    (add_net "Net-(R21-Pad2)")
    (add_net "Net-(R23-Pad2)")
    (add_net "Net-(R25-Pad2)")
    (add_net "Net-(R6-Pad2)")
    (add_net "Net-(RN1-Pad1)")
    (add_net "Net-(RN1-Pad2)")
    (add_net "Net-(RN1-Pad3)")
    (add_net "Net-(RN1-Pad4)")
    (add_net "Net-(RN1-Pad5)")
    (add_net "Net-(RN1-Pad6)")
    (add_net "Net-(RN1-Pad7)")
    (add_net "Net-(RN1-Pad8)")
    (add_net "Net-(RN2-Pad1)")
    (add_net "Net-(RN2-Pad2)")
    (add_net "Net-(RN2-Pad3)")
    (add_net "Net-(RN2-Pad4)")
    (add_net "Net-(RN2-Pad5)")
    (add_net "Net-(RN2-Pad6)")
    (add_net "Net-(RN2-Pad7)")
    (add_net "Net-(RN2-Pad8)")
    (add_net "Net-(RN3-Pad1)")
    (add_net "Net-(RN3-Pad2)")
    (add_net "Net-(RN3-Pad3)")
    (add_net "Net-(RN3-Pad4)")
    (add_net "Net-(RN3-Pad5)")
    (add_net "Net-(RN3-Pad6)")
    (add_net "Net-(RN3-Pad7)")
    (add_net "Net-(RN3-Pad8)")
    (add_net "Net-(RN4-Pad1)")
    (add_net "Net-(RN4-Pad2)")
    (add_net "Net-(RN4-Pad3)")
    (add_net "Net-(RN4-Pad4)")
    (add_net "Net-(RN4-Pad5)")
    (add_net "Net-(RN4-Pad6)")
    (add_net "Net-(RN4-Pad7)")
    (add_net "Net-(RN4-Pad8)")
    (add_net "Net-(RN5-Pad1)")
    (add_net "Net-(RN5-Pad2)")
    (add_net "Net-(RN5-Pad3)")
    (add_net "Net-(RN5-Pad4)")
    (add_net "Net-(RN5-Pad5)")
    (add_net "Net-(RN5-Pad6)")
    (add_net "Net-(RN5-Pad7)")
    (add_net "Net-(RN5-Pad8)")
    (add_net "Net-(RN6-Pad1)")
    (add_net "Net-(RN6-Pad2)")
    (add_net "Net-(RN6-Pad3)")
    (add_net "Net-(RN6-Pad4)")
    (add_net "Net-(RN6-Pad5)")
    (add_net "Net-(RN6-Pad6)")
    (add_net "Net-(RN6-Pad7)")
    (add_net "Net-(RN6-Pad8)")
    (add_net "Net-(RV1-Pad2)")
    (add_net "Net-(U11-Pad21)")
    (add_net "Net-(U11-Pad22)")
    (add_net "Net-(U11-Pad23)")
    (add_net "Net-(U11-Pad24)")
    (add_net "Net-(U5-Pad1)")
    (add_net "Net-(U6-Pad31)")
    (add_net SCL)
    (add_net SDA)
    (add_net SPK_RN)
    (add_net SPK_RP)
    (add_net VCC)
    (add_net VDD)
  )

  (module NovaBox:TQFP-32_7x7mm_Pitch0.8mm (layer F.Cu) (tedit 5C031A35) (tstamp 5C0368D4)
    (at 136.210001 94.835001)
    (path /5BF464E3)
    (fp_text reference U6 (at 0 -6.05) (layer F.SilkS)
      (effects (font (size 1 1) (thickness 0.15)))
    )
    (fp_text value ATMEGA8-16AU (at 0 6.05) (layer F.SilkS)
      (effects (font (size 1 1) (thickness 0.15)))
    )
    (fp_circle (center -2.4 -2.4) (end -2.4 -1.9) (layer F.SilkS) (width 0.1524))
    (fp_line (start -2.6 -3.55) (end -3.55 -2.6) (layer F.SilkS) (width 0.1524))
    (fp_line (start -3.55 3.55) (end 3.55 3.55) (layer F.SilkS) (width 0.1524))
    (fp_line (start 3.55 3.55) (end 3.55 -3.55) (layer F.SilkS) (width 0.1524))
    (fp_line (start -2.6 -3.55) (end 3.55 -3.55) (layer F.SilkS) (width 0.1524))
    (fp_line (start -3.55 -2.6) (end -3.55 3.55) (layer F.SilkS) (width 0.1524))
    (pad 32 smd rect (at -2.8 -4.5) (size 0.43 1) (layers F.Cu F.Paste F.Mask))
    (pad 31 smd rect (at -2 -4.5) (size 0.43 1) (layers F.Cu F.Paste F.Mask)
      (net 105 "Net-(U6-Pad31)"))
    (pad 30 smd rect (at -1.2 -4.5) (size 0.43 1) (layers F.Cu F.Paste F.Mask))
    (pad 29 smd rect (at -0.4 -4.5) (size 0.43 1) (layers F.Cu F.Paste F.Mask)
      (net 37 AVR_RST))
    (pad 28 smd rect (at 0.4 -4.5) (size 0.43 1) (layers F.Cu F.Paste F.Mask)
      (net 39 SCL))
    (pad 27 smd rect (at 1.2 -4.5) (size 0.43 1) (layers F.Cu F.Paste F.Mask)
      (net 38 SDA))
    (pad 26 smd rect (at 2 -4.5) (size 0.43 1) (layers F.Cu F.Paste F.Mask))
    (pad 25 smd rect (at 2.8 -4.5) (size 0.43 1) (layers F.Cu F.Paste F.Mask))
    (pad 24 smd rect (at 4.5 -2.8) (size 1 0.43) (layers F.Cu F.Paste F.Mask))
    (pad 23 smd rect (at 4.5 -2) (size 1 0.43) (layers F.Cu F.Paste F.Mask)
      (net 4 BATT_SNS))
    (pad 22 smd rect (at 4.5 -1.2) (size 1 0.43) (layers F.Cu F.Paste F.Mask))
    (pad 21 smd rect (at 4.5 -0.4) (size 1 0.43) (layers F.Cu F.Paste F.Mask)
      (net 3 GND))
    (pad 20 smd rect (at 4.5 0.4) (size 1 0.43) (layers F.Cu F.Paste F.Mask))
    (pad 19 smd rect (at 4.5 1.2) (size 1 0.43) (layers F.Cu F.Paste F.Mask))
    (pad 18 smd rect (at 4.5 2) (size 1 0.43) (layers F.Cu F.Paste F.Mask)
      (net 5 +4V))
    (pad 17 smd rect (at 4.5 2.8) (size 1 0.43) (layers F.Cu F.Paste F.Mask)
      (net 101 LED_CK))
    (pad 16 smd rect (at 2.8 4.5) (size 0.43 1) (layers F.Cu F.Paste F.Mask)
      (net 104 "Net-(U5-Pad1)"))
    (pad 15 smd rect (at 2 4.5) (size 0.43 1) (layers F.Cu F.Paste F.Mask)
      (net 100 LED_DT))
    (pad 14 smd rect (at 1.2 4.5) (size 0.43 1) (layers F.Cu F.Paste F.Mask))
    (pad 13 smd rect (at 0.4 4.5) (size 0.43 1) (layers F.Cu F.Paste F.Mask))
    (pad 12 smd rect (at -0.4 4.5) (size 0.43 1) (layers F.Cu F.Paste F.Mask)
      (net 35 DS18_DQ))
    (pad 11 smd rect (at -1.2 4.5) (size 0.43 1) (layers F.Cu F.Paste F.Mask)
      (net 102 LED_RST))
    (pad 10 smd rect (at -2 4.5) (size 0.43 1) (layers F.Cu F.Paste F.Mask))
    (pad 9 smd rect (at -2.8 4.5) (size 0.43 1) (layers F.Cu F.Paste F.Mask))
    (pad 8 smd rect (at -4.5 2.8) (size 1 0.43) (layers F.Cu F.Paste F.Mask)
      (net 7 "Net-(C4-Pad1)"))
    (pad 7 smd rect (at -4.5 2) (size 1 0.43) (layers F.Cu F.Paste F.Mask)
      (net 6 "Net-(C3-Pad1)"))
    (pad 6 smd rect (at -4.5 1.2) (size 1 0.43) (layers F.Cu F.Paste F.Mask)
      (net 5 +4V))
    (pad 5 smd rect (at -4.5 0.4) (size 1 0.43) (layers F.Cu F.Paste F.Mask)
      (net 3 GND))
    (pad 4 smd rect (at -4.5 -0.4) (size 1 0.43) (layers F.Cu F.Paste F.Mask)
      (net 5 +4V))
    (pad 3 smd rect (at -4.5 -1.2) (size 1 0.43) (layers F.Cu F.Paste F.Mask)
      (net 3 GND))
    (pad 2 smd rect (at -4.5 -2) (size 1 0.43) (layers F.Cu F.Paste F.Mask)
      (net 50 AMP_SHDN))
    (pad 1 smd rect (at -4.5 -2.8) (size 1 0.43) (layers F.Cu F.Paste F.Mask))
    (model ${KISYS3DMOD}/Package_QFP.3dshapes/TQFP-32_7x7mm_P0.8mm.wrl
      (at (xyz 0 0 0))
      (scale (xyz 1 1 1))
      (rotate (xyz 0 0 0))
    )
  )

  (module NovaBox:XT60PW-M (layer F.Cu) (tedit 5BEDD021) (tstamp 5C037535)
    (at 110.085 87.920001)
    (path /5BF5B195)
    (fp_text reference BT1 (at 0 0) (layer F.SilkS)
      (effects (font (size 1 1) (thickness 0.15)))
    )
    (fp_text value 12V (at 0 2.5) (layer F.SilkS)
      (effects (font (size 1.2 1.2) (thickness 0.2)))
    )
    (fp_line (start -7.75 -10.35) (end 7.75 -10.35) (layer Dwgs.User) (width 0.2))
    (fp_line (start -6 7.85) (end -5.5 7.85) (layer F.SilkS) (width 0.2))
    (fp_line (start -7.75 -2) (end -7.75 -1) (layer F.SilkS) (width 0.2))
    (fp_line (start 7.75 -2) (end 7.75 -1) (layer F.SilkS) (width 0.2))
    (fp_line (start -7.75 4) (end -6 7.85) (layer F.SilkS) (width 0.2))
    (fp_line (start 6 7.85) (end 7.75 4) (layer F.SilkS) (width 0.2))
    (fp_line (start -7.75 -2) (end 7.75 -2) (layer F.SilkS) (width 0.2))
    (fp_line (start 7.75 -2) (end 7.75 -10.35) (layer Dwgs.User) (width 0.2))
    (fp_line (start -7.75 -2) (end -7.75 -10.35) (layer Dwgs.User) (width 0.2))
    (fp_text user - (at -9.5 5.5) (layer F.SilkS)
      (effects (font (size 4 4) (thickness 0.5)))
    )
    (fp_text user + (at 9.5 6) (layer F.SilkS)
      (effects (font (size 4 4) (thickness 0.5)))
    )
    (fp_line (start -1.7 7.85) (end 1.7 7.85) (layer F.SilkS) (width 0.2))
    (fp_line (start 5.5 7.85) (end 6 7.85) (layer F.SilkS) (width 0.2))
    (fp_line (start -7.75 1) (end -7.75 4) (layer F.SilkS) (width 0.2))
    (fp_line (start 7.75 1) (end 7.75 4) (layer F.SilkS) (width 0.2))
    (pad 2 thru_hole circle (at -3.6 6) (size 5 5) (drill 2.7) (layers *.Cu *.Mask)
      (net 1 -BATT))
    (pad 1 thru_hole circle (at 3.6 6) (size 5 5) (drill 2.7) (layers *.Cu *.Mask)
      (net 2 +BATT))
    (pad "" thru_hole circle (at -6.75 0) (size 2.5 2.5) (drill 1.7) (layers *.Cu *.Mask))
    (pad "" thru_hole circle (at 6.75 0) (size 2.5 2.5) (drill 1.7) (layers *.Cu *.Mask))
  )

  (module NovaBox:C_5MM (layer F.Cu) (tedit 5BC25D15) (tstamp 5C0366E5)
    (at 84.867 96.326001)
    (path /5BF98D54)
    (fp_text reference C1 (at 0 -1.778) (layer F.SilkS)
      (effects (font (size 0.75 0.75) (thickness 0.15)))
    )
    (fp_text value 1uF (at -1.016 -0.254) (layer F.Fab) hide
      (effects (font (size 0.127 0.127) (thickness 0.001)))
    )
    (fp_line (start -0.254 0) (end -1.524 0) (layer F.SilkS) (width 0.2))
    (fp_line (start 0.254 0) (end 1.524 0) (layer F.SilkS) (width 0.2))
    (fp_line (start 0.254 -1.016) (end 0.254 1.016) (layer F.SilkS) (width 0.2))
    (fp_line (start -0.254 -1.016) (end -0.254 1.016) (layer F.SilkS) (width 0.2))
    (pad 2 thru_hole circle (at 2.54 0) (size 1.524 1.524) (drill 0.762) (layers *.Cu *.Mask)
      (net 3 GND))
    (pad 1 thru_hole circle (at -2.54 0) (size 1.524 1.524) (drill 0.762) (layers *.Cu *.Mask)
      (net 4 BATT_SNS))
    (model ${KISYS3DMOD}/Capacitor_THT.3dshapes/C_Disc_D5.1mm_W3.2mm_P5.00mm.wrl
      (offset (xyz -2.54 0 0))
      (scale (xyz 1 1 1))
      (rotate (xyz 0 0 0))
    )
  )

  (module NovaBox:C_5MM (layer F.Cu) (tedit 5BC25D15) (tstamp 5C0366CA)
    (at 94.587 125.876001)
    (path /5C92E22C)
    (fp_text reference C2 (at 0 -1.778) (layer F.SilkS)
      (effects (font (size 0.75 0.75) (thickness 0.15)))
    )
    (fp_text value 100nF (at -1.016 -0.254) (layer F.Fab) hide
      (effects (font (size 0.127 0.127) (thickness 0.001)))
    )
    (fp_line (start -0.254 -1.016) (end -0.254 1.016) (layer F.SilkS) (width 0.2))
    (fp_line (start 0.254 -1.016) (end 0.254 1.016) (layer F.SilkS) (width 0.2))
    (fp_line (start 0.254 0) (end 1.524 0) (layer F.SilkS) (width 0.2))
    (fp_line (start -0.254 0) (end -1.524 0) (layer F.SilkS) (width 0.2))
    (pad 1 thru_hole circle (at -2.54 0) (size 1.524 1.524) (drill 0.762) (layers *.Cu *.Mask)
      (net 3 GND))
    (pad 2 thru_hole circle (at 2.54 0) (size 1.524 1.524) (drill 0.762) (layers *.Cu *.Mask)
      (net 5 +4V))
    (model ${KISYS3DMOD}/Capacitor_THT.3dshapes/C_Disc_D5.1mm_W3.2mm_P5.00mm.wrl
      (offset (xyz -2.54 0 0))
      (scale (xyz 1 1 1))
      (rotate (xyz 0 0 0))
    )
  )

  (module NovaBox:C_5MM (layer F.Cu) (tedit 5BC25D15) (tstamp 5C0366AF)
    (at 154.537 94.306001)
    (path /5BF46931)
    (fp_text reference C3 (at 0 -1.778) (layer F.SilkS)
      (effects (font (size 0.75 0.75) (thickness 0.15)))
    )
    (fp_text value 22pF (at -1.016 -0.254) (layer F.Fab) hide
      (effects (font (size 0.127 0.127) (thickness 0.001)))
    )
    (fp_line (start -0.254 0) (end -1.524 0) (layer F.SilkS) (width 0.2))
    (fp_line (start 0.254 0) (end 1.524 0) (layer F.SilkS) (width 0.2))
    (fp_line (start 0.254 -1.016) (end 0.254 1.016) (layer F.SilkS) (width 0.2))
    (fp_line (start -0.254 -1.016) (end -0.254 1.016) (layer F.SilkS) (width 0.2))
    (pad 2 thru_hole circle (at 2.54 0) (size 1.524 1.524) (drill 0.762) (layers *.Cu *.Mask)
      (net 3 GND))
    (pad 1 thru_hole circle (at -2.54 0) (size 1.524 1.524) (drill 0.762) (layers *.Cu *.Mask)
      (net 6 "Net-(C3-Pad1)"))
    (model ${KISYS3DMOD}/Capacitor_THT.3dshapes/C_Disc_D5.1mm_W3.2mm_P5.00mm.wrl
      (offset (xyz -2.54 0 0))
      (scale (xyz 1 1 1))
      (rotate (xyz 0 0 0))
    )
  )

  (module NovaBox:C_5MM (layer F.Cu) (tedit 5BC25D15) (tstamp 5C037489)
    (at 116.967 120.636001)
    (path /5BF46994)
    (fp_text reference C4 (at 0 -1.778) (layer F.SilkS)
      (effects (font (size 0.75 0.75) (thickness 0.15)))
    )
    (fp_text value 22pF (at -1.016 -0.254) (layer F.Fab) hide
      (effects (font (size 0.127 0.127) (thickness 0.001)))
    )
    (fp_line (start -0.254 -1.016) (end -0.254 1.016) (layer F.SilkS) (width 0.2))
    (fp_line (start 0.254 -1.016) (end 0.254 1.016) (layer F.SilkS) (width 0.2))
    (fp_line (start 0.254 0) (end 1.524 0) (layer F.SilkS) (width 0.2))
    (fp_line (start -0.254 0) (end -1.524 0) (layer F.SilkS) (width 0.2))
    (pad 1 thru_hole circle (at -2.54 0) (size 1.524 1.524) (drill 0.762) (layers *.Cu *.Mask)
      (net 7 "Net-(C4-Pad1)"))
    (pad 2 thru_hole circle (at 2.54 0) (size 1.524 1.524) (drill 0.762) (layers *.Cu *.Mask)
      (net 3 GND))
    (model ${KISYS3DMOD}/Capacitor_THT.3dshapes/C_Disc_D5.1mm_W3.2mm_P5.00mm.wrl
      (offset (xyz -2.54 0 0))
      (scale (xyz 1 1 1))
      (rotate (xyz 0 0 0))
    )
  )

  (module NovaBox:C_5MM (layer F.Cu) (tedit 5BC25D15) (tstamp 5C0374DD)
    (at 133.187 116.576001)
    (path /5CB02FB0)
    (fp_text reference C8 (at 0 -1.778) (layer F.SilkS)
      (effects (font (size 0.75 0.75) (thickness 0.15)))
    )
    (fp_text value 100nF (at -1.016 -0.254) (layer F.Fab) hide
      (effects (font (size 0.127 0.127) (thickness 0.001)))
    )
    (fp_line (start -0.254 -1.016) (end -0.254 1.016) (layer F.SilkS) (width 0.2))
    (fp_line (start 0.254 -1.016) (end 0.254 1.016) (layer F.SilkS) (width 0.2))
    (fp_line (start 0.254 0) (end 1.524 0) (layer F.SilkS) (width 0.2))
    (fp_line (start -0.254 0) (end -1.524 0) (layer F.SilkS) (width 0.2))
    (pad 1 thru_hole circle (at -2.54 0) (size 1.524 1.524) (drill 0.762) (layers *.Cu *.Mask)
      (net 8 VDD))
    (pad 2 thru_hole circle (at 2.54 0) (size 1.524 1.524) (drill 0.762) (layers *.Cu *.Mask)
      (net 3 GND))
    (model ${KISYS3DMOD}/Capacitor_THT.3dshapes/C_Disc_D5.1mm_W3.2mm_P5.00mm.wrl
      (offset (xyz -2.54 0 0))
      (scale (xyz 1 1 1))
      (rotate (xyz 0 0 0))
    )
  )

  (module NovaBox:C_5MM (layer F.Cu) (tedit 5BC25D15) (tstamp 5C0373E7)
    (at 154.537 92.076001)
    (path /5CB02FB6)
    (fp_text reference C9 (at 0 -1.778) (layer F.SilkS)
      (effects (font (size 0.75 0.75) (thickness 0.15)))
    )
    (fp_text value 1nF (at -1.016 -0.254) (layer F.Fab) hide
      (effects (font (size 0.127 0.127) (thickness 0.001)))
    )
    (fp_line (start -0.254 0) (end -1.524 0) (layer F.SilkS) (width 0.2))
    (fp_line (start 0.254 0) (end 1.524 0) (layer F.SilkS) (width 0.2))
    (fp_line (start 0.254 -1.016) (end 0.254 1.016) (layer F.SilkS) (width 0.2))
    (fp_line (start -0.254 -1.016) (end -0.254 1.016) (layer F.SilkS) (width 0.2))
    (pad 2 thru_hole circle (at 2.54 0) (size 1.524 1.524) (drill 0.762) (layers *.Cu *.Mask)
      (net 3 GND))
    (pad 1 thru_hole circle (at -2.54 0) (size 1.524 1.524) (drill 0.762) (layers *.Cu *.Mask)
      (net 8 VDD))
    (model ${KISYS3DMOD}/Capacitor_THT.3dshapes/C_Disc_D5.1mm_W3.2mm_P5.00mm.wrl
      (offset (xyz -2.54 0 0))
      (scale (xyz 1 1 1))
      (rotate (xyz 0 0 0))
    )
  )

  (module NovaBox:C_5MM (layer F.Cu) (tedit 5BC25D15) (tstamp 5C0371F8)
    (at 96.547 94.626001)
    (path /5C9FCD68)
    (fp_text reference C11 (at 0 -1.778) (layer F.SilkS)
      (effects (font (size 0.75 0.75) (thickness 0.15)))
    )
    (fp_text value 100nF (at -1.016 -0.254) (layer F.Fab) hide
      (effects (font (size 0.127 0.127) (thickness 0.001)))
    )
    (fp_line (start -0.254 -1.016) (end -0.254 1.016) (layer F.SilkS) (width 0.2))
    (fp_line (start 0.254 -1.016) (end 0.254 1.016) (layer F.SilkS) (width 0.2))
    (fp_line (start 0.254 0) (end 1.524 0) (layer F.SilkS) (width 0.2))
    (fp_line (start -0.254 0) (end -1.524 0) (layer F.SilkS) (width 0.2))
    (pad 1 thru_hole circle (at -2.54 0) (size 1.524 1.524) (drill 0.762) (layers *.Cu *.Mask)
      (net 8 VDD))
    (pad 2 thru_hole circle (at 2.54 0) (size 1.524 1.524) (drill 0.762) (layers *.Cu *.Mask)
      (net 3 GND))
    (model ${KISYS3DMOD}/Capacitor_THT.3dshapes/C_Disc_D5.1mm_W3.2mm_P5.00mm.wrl
      (offset (xyz -2.54 0 0))
      (scale (xyz 1 1 1))
      (rotate (xyz 0 0 0))
    )
  )

  (module NovaBox:C_5MM (layer F.Cu) (tedit 5BC25D15) (tstamp 5C037438)
    (at 113.767 132.996001)
    (path /5C9FCF07)
    (fp_text reference C12 (at 0 -1.778) (layer F.SilkS)
      (effects (font (size 0.75 0.75) (thickness 0.15)))
    )
    (fp_text value 1nF (at -1.016 -0.254) (layer F.Fab) hide
      (effects (font (size 0.127 0.127) (thickness 0.001)))
    )
    (fp_line (start -0.254 0) (end -1.524 0) (layer F.SilkS) (width 0.2))
    (fp_line (start 0.254 0) (end 1.524 0) (layer F.SilkS) (width 0.2))
    (fp_line (start 0.254 -1.016) (end 0.254 1.016) (layer F.SilkS) (width 0.2))
    (fp_line (start -0.254 -1.016) (end -0.254 1.016) (layer F.SilkS) (width 0.2))
    (pad 2 thru_hole circle (at 2.54 0) (size 1.524 1.524) (drill 0.762) (layers *.Cu *.Mask)
      (net 3 GND))
    (pad 1 thru_hole circle (at -2.54 0) (size 1.524 1.524) (drill 0.762) (layers *.Cu *.Mask)
      (net 8 VDD))
    (model ${KISYS3DMOD}/Capacitor_THT.3dshapes/C_Disc_D5.1mm_W3.2mm_P5.00mm.wrl
      (offset (xyz -2.54 0 0))
      (scale (xyz 1 1 1))
      (rotate (xyz 0 0 0))
    )
  )

  (module NovaBox:C_5MM (layer F.Cu) (tedit 5BC25D15) (tstamp 5C0371C2)
    (at 142.687 103.506001)
    (path /5C315287)
    (fp_text reference C13 (at 0 -1.778) (layer F.SilkS)
      (effects (font (size 0.75 0.75) (thickness 0.15)))
    )
    (fp_text value 680nF (at -1.016 -0.254) (layer F.Fab) hide
      (effects (font (size 0.127 0.127) (thickness 0.001)))
    )
    (fp_line (start -0.254 -1.016) (end -0.254 1.016) (layer F.SilkS) (width 0.2))
    (fp_line (start 0.254 -1.016) (end 0.254 1.016) (layer F.SilkS) (width 0.2))
    (fp_line (start 0.254 0) (end 1.524 0) (layer F.SilkS) (width 0.2))
    (fp_line (start -0.254 0) (end -1.524 0) (layer F.SilkS) (width 0.2))
    (pad 1 thru_hole circle (at -2.54 0) (size 1.524 1.524) (drill 0.762) (layers *.Cu *.Mask)
      (net 3 GND))
    (pad 2 thru_hole circle (at 2.54 0) (size 1.524 1.524) (drill 0.762) (layers *.Cu *.Mask)
      (net 9 "Net-(C13-Pad2)"))
    (model ${KISYS3DMOD}/Capacitor_THT.3dshapes/C_Disc_D5.1mm_W3.2mm_P5.00mm.wrl
      (offset (xyz -2.54 0 0))
      (scale (xyz 1 1 1))
      (rotate (xyz 0 0 0))
    )
  )

  (module NovaBox:C_5MM (layer F.Cu) (tedit 5BC25D15) (tstamp 5C037195)
    (at 134.187 112.006001)
    (path /5C6F7EAC)
    (fp_text reference C14 (at 0 -1.778) (layer F.SilkS)
      (effects (font (size 0.75 0.75) (thickness 0.15)))
    )
    (fp_text value 1uF (at -1.016 -0.254) (layer F.Fab) hide
      (effects (font (size 0.127 0.127) (thickness 0.001)))
    )
    (fp_line (start -0.254 -1.016) (end -0.254 1.016) (layer F.SilkS) (width 0.2))
    (fp_line (start 0.254 -1.016) (end 0.254 1.016) (layer F.SilkS) (width 0.2))
    (fp_line (start 0.254 0) (end 1.524 0) (layer F.SilkS) (width 0.2))
    (fp_line (start -0.254 0) (end -1.524 0) (layer F.SilkS) (width 0.2))
    (pad 1 thru_hole circle (at -2.54 0) (size 1.524 1.524) (drill 0.762) (layers *.Cu *.Mask)
      (net 10 "Net-(C14-Pad1)"))
    (pad 2 thru_hole circle (at 2.54 0) (size 1.524 1.524) (drill 0.762) (layers *.Cu *.Mask)
      (net 3 GND))
    (model ${KISYS3DMOD}/Capacitor_THT.3dshapes/C_Disc_D5.1mm_W3.2mm_P5.00mm.wrl
      (offset (xyz -2.54 0 0))
      (scale (xyz 1 1 1))
      (rotate (xyz 0 0 0))
    )
  )

  (module NovaBox:C_5MM (layer F.Cu) (tedit 5BC25D15) (tstamp 5C037453)
    (at 154.537 89.846001)
    (path /5C72F6B6)
    (fp_text reference C15 (at 0 -1.778) (layer F.SilkS)
      (effects (font (size 0.75 0.75) (thickness 0.15)))
    )
    (fp_text value 1uF (at -1.016 -0.254) (layer F.Fab) hide
      (effects (font (size 0.127 0.127) (thickness 0.001)))
    )
    (fp_line (start -0.254 0) (end -1.524 0) (layer F.SilkS) (width 0.2))
    (fp_line (start 0.254 0) (end 1.524 0) (layer F.SilkS) (width 0.2))
    (fp_line (start 0.254 -1.016) (end 0.254 1.016) (layer F.SilkS) (width 0.2))
    (fp_line (start -0.254 -1.016) (end -0.254 1.016) (layer F.SilkS) (width 0.2))
    (pad 2 thru_hole circle (at 2.54 0) (size 1.524 1.524) (drill 0.762) (layers *.Cu *.Mask)
      (net 3 GND))
    (pad 1 thru_hole circle (at -2.54 0) (size 1.524 1.524) (drill 0.762) (layers *.Cu *.Mask)
      (net 11 "Net-(C15-Pad1)"))
    (model ${KISYS3DMOD}/Capacitor_THT.3dshapes/C_Disc_D5.1mm_W3.2mm_P5.00mm.wrl
      (offset (xyz -2.54 0 0))
      (scale (xyz 1 1 1))
      (rotate (xyz 0 0 0))
    )
  )

  (module NovaBox:C_5MM (layer F.Cu) (tedit 5BC25D15) (tstamp 5C0371DD)
    (at 133.187 114.346001)
    (path /5C1A2CC2)
    (fp_text reference C16 (at 0 -1.778) (layer F.SilkS)
      (effects (font (size 0.75 0.75) (thickness 0.15)))
    )
    (fp_text value 1uF (at -1.016 -0.254) (layer F.Fab) hide
      (effects (font (size 0.127 0.127) (thickness 0.001)))
    )
    (fp_line (start -0.254 -1.016) (end -0.254 1.016) (layer F.SilkS) (width 0.2))
    (fp_line (start 0.254 -1.016) (end 0.254 1.016) (layer F.SilkS) (width 0.2))
    (fp_line (start 0.254 0) (end 1.524 0) (layer F.SilkS) (width 0.2))
    (fp_line (start -0.254 0) (end -1.524 0) (layer F.SilkS) (width 0.2))
    (pad 1 thru_hole circle (at -2.54 0) (size 1.524 1.524) (drill 0.762) (layers *.Cu *.Mask)
      (net 5 +4V))
    (pad 2 thru_hole circle (at 2.54 0) (size 1.524 1.524) (drill 0.762) (layers *.Cu *.Mask)
      (net 12 "Net-(C16-Pad2)"))
    (model ${KISYS3DMOD}/Capacitor_THT.3dshapes/C_Disc_D5.1mm_W3.2mm_P5.00mm.wrl
      (offset (xyz -2.54 0 0))
      (scale (xyz 1 1 1))
      (rotate (xyz 0 0 0))
    )
  )

  (module NovaBox:C_5MM (layer F.Cu) (tedit 5BC25D15) (tstamp 5C03734B)
    (at 144.837 98.986001)
    (path /5C1DD3F3)
    (fp_text reference C17 (at 0 -1.778) (layer F.SilkS)
      (effects (font (size 0.75 0.75) (thickness 0.15)))
    )
    (fp_text value 470nF (at -1.016 -0.254) (layer F.Fab) hide
      (effects (font (size 0.127 0.127) (thickness 0.001)))
    )
    (fp_line (start -0.254 -1.016) (end -0.254 1.016) (layer F.SilkS) (width 0.2))
    (fp_line (start 0.254 -1.016) (end 0.254 1.016) (layer F.SilkS) (width 0.2))
    (fp_line (start 0.254 0) (end 1.524 0) (layer F.SilkS) (width 0.2))
    (fp_line (start -0.254 0) (end -1.524 0) (layer F.SilkS) (width 0.2))
    (pad 1 thru_hole circle (at -2.54 0) (size 1.524 1.524) (drill 0.762) (layers *.Cu *.Mask)
      (net 13 "Net-(C17-Pad1)"))
    (pad 2 thru_hole circle (at 2.54 0) (size 1.524 1.524) (drill 0.762) (layers *.Cu *.Mask)
      (net 14 "Net-(C17-Pad2)"))
    (model ${KISYS3DMOD}/Capacitor_THT.3dshapes/C_Disc_D5.1mm_W3.2mm_P5.00mm.wrl
      (offset (xyz -2.54 0 0))
      (scale (xyz 1 1 1))
      (rotate (xyz 0 0 0))
    )
  )

  (module NovaBox:C_5MM (layer F.Cu) (tedit 5BC25D15) (tstamp 5C0374C2)
    (at 154.537 87.616001)
    (path /5C1DD7A6)
    (fp_text reference C18 (at 0 -1.778) (layer F.SilkS)
      (effects (font (size 0.75 0.75) (thickness 0.15)))
    )
    (fp_text value 470nF (at -1.016 -0.254) (layer F.Fab) hide
      (effects (font (size 0.127 0.127) (thickness 0.001)))
    )
    (fp_line (start -0.254 0) (end -1.524 0) (layer F.SilkS) (width 0.2))
    (fp_line (start 0.254 0) (end 1.524 0) (layer F.SilkS) (width 0.2))
    (fp_line (start 0.254 -1.016) (end 0.254 1.016) (layer F.SilkS) (width 0.2))
    (fp_line (start -0.254 -1.016) (end -0.254 1.016) (layer F.SilkS) (width 0.2))
    (pad 2 thru_hole circle (at 2.54 0) (size 1.524 1.524) (drill 0.762) (layers *.Cu *.Mask)
      (net 15 "Net-(C18-Pad2)"))
    (pad 1 thru_hole circle (at -2.54 0) (size 1.524 1.524) (drill 0.762) (layers *.Cu *.Mask)
      (net 16 "Net-(C18-Pad1)"))
    (model ${KISYS3DMOD}/Capacitor_THT.3dshapes/C_Disc_D5.1mm_W3.2mm_P5.00mm.wrl
      (offset (xyz -2.54 0 0))
      (scale (xyz 1 1 1))
      (rotate (xyz 0 0 0))
    )
  )

  (module NovaBox:C_5MM (layer F.Cu) (tedit 5BC25D15) (tstamp 5C03741D)
    (at 134.187 109.776001)
    (path /5C42A359)
    (fp_text reference C19 (at 0 -1.778) (layer F.SilkS)
      (effects (font (size 0.75 0.75) (thickness 0.15)))
    )
    (fp_text value 680nF (at -1.016 -0.254) (layer F.Fab) hide
      (effects (font (size 0.127 0.127) (thickness 0.001)))
    )
    (fp_line (start -0.254 0) (end -1.524 0) (layer F.SilkS) (width 0.2))
    (fp_line (start 0.254 0) (end 1.524 0) (layer F.SilkS) (width 0.2))
    (fp_line (start 0.254 -1.016) (end 0.254 1.016) (layer F.SilkS) (width 0.2))
    (fp_line (start -0.254 -1.016) (end -0.254 1.016) (layer F.SilkS) (width 0.2))
    (pad 2 thru_hole circle (at 2.54 0) (size 1.524 1.524) (drill 0.762) (layers *.Cu *.Mask)
      (net 17 "Net-(C19-Pad2)"))
    (pad 1 thru_hole circle (at -2.54 0) (size 1.524 1.524) (drill 0.762) (layers *.Cu *.Mask)
      (net 3 GND))
    (model ${KISYS3DMOD}/Capacitor_THT.3dshapes/C_Disc_D5.1mm_W3.2mm_P5.00mm.wrl
      (offset (xyz -2.54 0 0))
      (scale (xyz 1 1 1))
      (rotate (xyz 0 0 0))
    )
  )

  (module NovaBox:C_5MM (layer F.Cu) (tedit 5BC25D15) (tstamp 5C037213)
    (at 142.687 101.276001)
    (path /5C90684E)
    (fp_text reference C20 (at 0 -1.778) (layer F.SilkS)
      (effects (font (size 0.75 0.75) (thickness 0.15)))
    )
    (fp_text value 1uF (at -1.016 -0.254) (layer F.Fab) hide
      (effects (font (size 0.127 0.127) (thickness 0.001)))
    )
    (fp_line (start -0.254 0) (end -1.524 0) (layer F.SilkS) (width 0.2))
    (fp_line (start 0.254 0) (end 1.524 0) (layer F.SilkS) (width 0.2))
    (fp_line (start 0.254 -1.016) (end 0.254 1.016) (layer F.SilkS) (width 0.2))
    (fp_line (start -0.254 -1.016) (end -0.254 1.016) (layer F.SilkS) (width 0.2))
    (pad 2 thru_hole circle (at 2.54 0) (size 1.524 1.524) (drill 0.762) (layers *.Cu *.Mask)
      (net 18 SPK_RN))
    (pad 1 thru_hole circle (at -2.54 0) (size 1.524 1.524) (drill 0.762) (layers *.Cu *.Mask)
      (net 19 "Net-(C20-Pad1)"))
    (model ${KISYS3DMOD}/Capacitor_THT.3dshapes/C_Disc_D5.1mm_W3.2mm_P5.00mm.wrl
      (offset (xyz -2.54 0 0))
      (scale (xyz 1 1 1))
      (rotate (xyz 0 0 0))
    )
  )

  (module NovaBox:C_5MM (layer F.Cu) (tedit 5BC25D15) (tstamp 5C03715F)
    (at 152.987 85.386001)
    (path /5C906E56)
    (fp_text reference C21 (at 0 -1.778) (layer F.SilkS)
      (effects (font (size 0.75 0.75) (thickness 0.15)))
    )
    (fp_text value 1uF (at -1.016 -0.254) (layer F.Fab) hide
      (effects (font (size 0.127 0.127) (thickness 0.001)))
    )
    (fp_line (start -0.254 -1.016) (end -0.254 1.016) (layer F.SilkS) (width 0.2))
    (fp_line (start 0.254 -1.016) (end 0.254 1.016) (layer F.SilkS) (width 0.2))
    (fp_line (start 0.254 0) (end 1.524 0) (layer F.SilkS) (width 0.2))
    (fp_line (start -0.254 0) (end -1.524 0) (layer F.SilkS) (width 0.2))
    (pad 1 thru_hole circle (at -2.54 0) (size 1.524 1.524) (drill 0.762) (layers *.Cu *.Mask)
      (net 20 "Net-(C21-Pad1)"))
    (pad 2 thru_hole circle (at 2.54 0) (size 1.524 1.524) (drill 0.762) (layers *.Cu *.Mask)
      (net 21 SPK_RP))
    (model ${KISYS3DMOD}/Capacitor_THT.3dshapes/C_Disc_D5.1mm_W3.2mm_P5.00mm.wrl
      (offset (xyz -2.54 0 0))
      (scale (xyz 1 1 1))
      (rotate (xyz 0 0 0))
    )
  )

  (module NovaBox:C_5MM (layer F.Cu) (tedit 5BC25D15) (tstamp 5C037402)
    (at 142.687 105.736001)
    (path /5C5A4ABE)
    (fp_text reference C22 (at 0 -1.778) (layer F.SilkS)
      (effects (font (size 0.75 0.75) (thickness 0.15)))
    )
    (fp_text value 100nF (at -1.016 -0.254) (layer F.Fab) hide
      (effects (font (size 0.127 0.127) (thickness 0.001)))
    )
    (fp_line (start -0.254 0) (end -1.524 0) (layer F.SilkS) (width 0.2))
    (fp_line (start 0.254 0) (end 1.524 0) (layer F.SilkS) (width 0.2))
    (fp_line (start 0.254 -1.016) (end 0.254 1.016) (layer F.SilkS) (width 0.2))
    (fp_line (start -0.254 -1.016) (end -0.254 1.016) (layer F.SilkS) (width 0.2))
    (pad 2 thru_hole circle (at 2.54 0) (size 1.524 1.524) (drill 0.762) (layers *.Cu *.Mask)
      (net 22 1V8))
    (pad 1 thru_hole circle (at -2.54 0) (size 1.524 1.524) (drill 0.762) (layers *.Cu *.Mask)
      (net 3 GND))
    (model ${KISYS3DMOD}/Capacitor_THT.3dshapes/C_Disc_D5.1mm_W3.2mm_P5.00mm.wrl
      (offset (xyz -2.54 0 0))
      (scale (xyz 1 1 1))
      (rotate (xyz 0 0 0))
    )
  )

  (module NovaBox:DO-201AD_P12.70mm_Horizontal (layer F.Cu) (tedit 5C02FE3F) (tstamp 5C037103)
    (at 79.195 103.470001)
    (descr "D, DO-201AD series, Axial, Horizontal, pin pitch=12.7mm, , length*diameter=9.5*5.2mm^2, , http://www.diodes.com/_files/packages/DO-201AD.pdf")
    (tags "D DO-201AD series Axial Horizontal pin pitch 12.7mm  length 9.5mm diameter 5.2mm")
    (path /5BF5C242)
    (fp_text reference D1 (at 0 0 180) (layer F.SilkS)
      (effects (font (size 1 1) (thickness 0.15)))
    )
    (fp_text value 1N5822 (at 0 1.27) (layer F.Fab) hide
      (effects (font (size 0.127 0.127) (thickness 0.001)))
    )
    (fp_line (start -3.325 -2.6) (end -3.325 2.6) (layer F.Fab) (width 0.1))
    (fp_line (start -4.81 -1.78) (end -4.81 -2.66) (layer F.SilkS) (width 0.12))
    (fp_line (start -4.81 -2.66) (end 4.81 -2.66) (layer F.SilkS) (width 0.12))
    (fp_line (start 4.81 -2.66) (end 4.81 -1.78) (layer F.SilkS) (width 0.12))
    (fp_line (start -4.81 1.78) (end -4.81 2.66) (layer F.SilkS) (width 0.12))
    (fp_line (start -4.81 2.66) (end 4.81 2.66) (layer F.SilkS) (width 0.12))
    (fp_line (start 4.81 2.66) (end 4.81 1.78) (layer F.SilkS) (width 0.12))
    (fp_line (start -3.325 -2.66) (end -3.325 2.66) (layer F.SilkS) (width 0.12))
    (pad 1 thru_hole rect (at -6.35 0) (size 3.2 3.2) (drill 1.6) (layers *.Cu *.Mask)
      (net 23 "Net-(D1-Pad1)"))
    (pad 2 thru_hole oval (at 6.35 0) (size 3.2 3.2) (drill 1.6) (layers *.Cu *.Mask)
      (net 3 GND))
    (model ${KISYS3DMOD}/Diode_THT.3dshapes/D_DO-201AD_P12.70mm_Horizontal.wrl
      (offset (xyz -6.35 0 0))
      (scale (xyz 1 1 1))
      (rotate (xyz 0 0 0))
    )
  )

  (module NovaBox:COIL_D9_P2.54 (layer F.Cu) (tedit 5C030E71) (tstamp 5C0372B5)
    (at 146.385001 93.020001)
    (path /5BF5C181)
    (fp_text reference L1 (at 0 2.54) (layer F.SilkS)
      (effects (font (size 0.75 0.75) (thickness 0.15)))
    )
    (fp_text value 680uH (at 0 -0.5) (layer F.Fab) hide
      (effects (font (size 0.127 0.127) (thickness 0.001)))
    )
    (fp_circle (center 0 0) (end 4.75 0) (layer F.SilkS) (width 0.2))
    (pad 1 thru_hole circle (at -2.54 0) (size 1.8 1.8) (drill 1) (layers *.Cu *.Mask)
      (net 23 "Net-(D1-Pad1)"))
    (pad 2 thru_hole circle (at 2.54 0) (size 1.8 1.8) (drill 1) (layers *.Cu *.Mask)
      (net 5 +4V))
  )

  (module NovaBox:COIL_DR0810 (layer F.Cu) (tedit 5C03088B) (tstamp 5C0373B4)
    (at 108.315001 120.300001)
    (path /5C2BA7E3)
    (fp_text reference L2 (at 0 2.54) (layer F.SilkS)
      (effects (font (size 0.75 0.75) (thickness 0.15)))
    )
    (fp_text value 10uH (at 0 -0.5) (layer F.Fab) hide
      (effects (font (size 0.127 0.127) (thickness 0.001)))
    )
    (fp_circle (center 0 0) (end 5.25 0) (layer F.SilkS) (width 0.2))
    (pad 1 thru_hole circle (at -2.54 0) (size 1.8 1.8) (drill 1) (layers *.Cu *.Mask)
      (net 13 "Net-(C17-Pad1)"))
    (pad 2 thru_hole circle (at 2.54 0) (size 1.8 1.8) (drill 1) (layers *.Cu *.Mask)
      (net 9 "Net-(C13-Pad2)"))
  )

  (module NovaBox:COIL_DR0810 (layer F.Cu) (tedit 5C03088B) (tstamp 5C0371AD)
    (at 144.335001 82.820001)
    (path /5C2BAACE)
    (fp_text reference L3 (at 0 2.54) (layer F.SilkS)
      (effects (font (size 0.75 0.75) (thickness 0.15)))
    )
    (fp_text value 10uH (at 0 -0.5) (layer F.Fab) hide
      (effects (font (size 0.127 0.127) (thickness 0.001)))
    )
    (fp_circle (center 0 0) (end 5.25 0) (layer F.SilkS) (width 0.2))
    (pad 2 thru_hole circle (at 2.54 0) (size 1.8 1.8) (drill 1) (layers *.Cu *.Mask)
      (net 17 "Net-(C19-Pad2)"))
    (pad 1 thru_hole circle (at -2.54 0) (size 1.8 1.8) (drill 1) (layers *.Cu *.Mask)
      (net 16 "Net-(C18-Pad1)"))
  )

  (module NovaBox:TO-220_Horizontal (layer F.Cu) (tedit 5BEDBCC6) (tstamp 5C0379F7)
    (at 60.465001 127.520001)
    (descr "TO-220, Horizontal, RM 2.54mm")
    (tags "TO-220 Horizontal RM 2.54mm")
    (path /5C04A24C)
    (fp_text reference Q1 (at 0 -20.58) (layer F.SilkS)
      (effects (font (size 1 1) (thickness 0.15)))
    )
    (fp_text value IRF530NPbF (at 0 -2) (layer F.Fab) hide
      (effects (font (size 0.127 0.127) (thickness 0.01)))
    )
    (fp_line (start 5 -13.06) (end -5 -13.06) (layer F.SilkS) (width 0.2))
    (fp_line (start -5.12 -3.69) (end 5.12 -3.69) (layer F.SilkS) (width 0.2))
    (fp_line (start -5.12 -19.58) (end 5.12 -19.58) (layer F.SilkS) (width 0.2))
    (fp_line (start -5.12 -19.58) (end -5.12 -3.69) (layer F.SilkS) (width 0.2))
    (fp_line (start 5.12 -19.58) (end 5.12 -3.69) (layer F.SilkS) (width 0.2))
    (fp_line (start -2.54 -3.69) (end -2.54 -1.05) (layer F.SilkS) (width 0.2))
    (fp_line (start 0 -3.69) (end 0 -1.066) (layer F.SilkS) (width 0.2))
    (fp_line (start 2.54 -3.69) (end 2.54 -1.066) (layer F.SilkS) (width 0.2))
    (pad "" np_thru_hole oval (at 0 -16.66) (size 3.5 3.5) (drill 3.5) (layers *.Cu *.Mask))
    (pad 1 thru_hole rect (at -2.54 0) (size 1.8 1.8) (drill 1) (layers *.Cu *.Mask)
      (net 28 "Net-(Q1-Pad1)"))
    (pad 2 thru_hole oval (at 0 0) (size 1.8 1.8) (drill 1) (layers *.Cu *.Mask)
      (net 3 GND))
    (pad 3 thru_hole oval (at 2.54 0) (size 1.8 1.8) (drill 1) (layers *.Cu *.Mask)
      (net 1 -BATT))
    (model TO_SOT_Packages_THT.3dshapes/TO-220_Horizontal.wrl
      (at (xyz 0 0 0))
      (scale (xyz 0.3937 0.3937 0.3937))
      (rotate (xyz 0 0 0))
